19.160116 43.861469
23.292241 19.861158
21.483646 19.871289
21.968086 23.835129
21.279541 23.773902
19.864450 22.525490
20.356482 22.285484
22.438416 17.255576
22.317388 32.997359
22.215351 24.105110
25.517351 24.782364
20.083508 23.559035
20.372468 20.897595
20.121685 22.828222
22.675922 36.813926
23.464583 24.780821
20.408497 20.580310
23.667795 20.007845
16.080451 21.965582
26.015952 19.065648
16.385337 20.917530
22.062080 20.813024
17.754126 22.162402
24.710221 20.646442
18.792698 21.564538
19.308183 22.503801
26.361528 22.726596
23.734052 22.452368
16.678086 22.492939
23.857891 18.037157
17.670817 25.344219